Mass Nucl         T1/2       Emit1       Emit2       Emit3       Emit4  Cloudshine Groundshine Inhalation
Hr=   0.00         sec          Bq          Bq          Bq          Bq rem/h Bq/m3 rem/h Bq/m2   rem/Bq
0001 NB95  3.02000E+06 1.00000E+00 1.00000E+00 1.00000E+00 1.00000E+00 1.26000E-08 2.62000E-10 2.38000E-06
0002 A110  2.18000E+07 1.00000E+00 1.00000E+00 1.00000E+00 1.00000E+00 4.57000E-08 9.29000E-10 2.38000E-06
0003 T132  2.82000E+05 1.00000E+00 1.00000E+00 1.00000E+00 1.00000E+00 3.36000E-09 7.63000E-11 7.38000E-07
0004 I131  6.94656E+05 1.00000E+00 1.00000E+00 1.00000E+00 1.00000E+00 6.08400E-09 1.31040E-10 7.38000E-07
0005 I133  7.49000E+04 1.00000E+00 1.00000E+00 1.00000E+00 1.00000E+00 9.94000E-09 2.22000E-10 7.38000E-07
0006 X133  4.52995E+05 1.00000E+00 1.00000E+00 1.00000E+00 1.00000E+00 5.00400E-10 0.00000E+00 0.00000E+00
0007 C134  6.50000E+07 1.00000E+00 1.00000E+00 1.00000E+00 1.00000E+00 2.54000E-08 5.33000E-10 4.63000E-07
0008 C137  9.52093E+08 1.00000E+00 1.00000E+00 1.00000E+00 1.00000E+00 3.34080E-11 1.07640E-12 4.63000E-07
0009 B140  1.10160E+06 1.00000E+00 1.00000E+00 1.00000E+00 1.00000E+00 2.90520E-09 6.84000E-11 1.03000E-07
0010 L140  1.44979E+05 1.00000E+00 1.00000E+00 1.00000E+00 1.00000E+00 3.99600E-08 7.77600E-10 1.07000E-07
